1111111111111111111111111111111111111111111111111111111111111111111111111111111111111111111111111111
1000000000101000101000000000010100010000011000100010000001010011000000101000000001000000000010001101
1110100100000000000000001101100001110000010000000010100000101010000101000010001000000100000000000011
1001000000010100100001001000010010100010000001110101000000001010000010101010010011010000100000001001
1011100000010010010001010101000001100000100000001000000000000001000001100000010001000000000000000011
1010101000000001000100000000101001000000000000000000001000000000101000001001000000110100100100000001
1000000000000000010010010000001001011000011000000100001000100010000001010000100000010100000001001101
1010001010100000100111010000001110010000101000000100010101000010010001000010000010000000000000000001
1000001001100100100100000010000110011000000010000000001101010101100110000010000100001000000000001001
1000000100100000000011000011001001000100100000001010000000010000000001100101001000011010000001010001
1000100000010000001001000000010001001010001000000011001100000100000010000000001011000100000000000001
1001101100000000100000100100000000100010000100000010000000000011000000000010001110001011000000000001
1001010010000100000000010000000000100001100110000000101001000001000000000100000000000100000010000001
1010000000100000010100000000000100000001000000001100000000000100000000000010000000000001000100001001
1000100100000000001010000000010001000000000000010100010000100000000010010000000010000000000000010001
1000010000000000010010000000000001000100100000000000001100000010000010100100010000011100000000100001
1000110010010000000001000100010000000000011000000100100000000000000000100000000000000010000000000001
1011000000000110010000001000000000000000000001000000000000000001000000000000010100010001100100000011
1000000010001001000000000000000000000000001000010000000100100000010000000100000100000110001000110011
1001010000000010001000100100010000001010001000000000000111100010000000001000000001010000010000000001
1100000000011000110100000011000110001010011110000001001010001100000000000100000000010000100000111001
1000001000100010000110100110000000000000000001101000000000011100100100000000100001000001110000000001
1000000000000000000000000000000000001010001010010001001000100100010010000000000001010101000001000001
1000000000011010000000110000000001100000010110000100001110100010000000111010100000111001000001100011
1000000000100100101001000001001000000000011001000100000001000000000000000000000100010101000000000011
1000010011000000000010000110000000010000010000000000001000100000011000000000000010000000011110011011
1100000001000010100000000010000000000000000001100001010000000010000001011010000000000000100001010011
1000001100000001000000000000000101000000000101010000001010010100000000010100100100101001000000101001
1001100010110101010110000000010111000100000000011011011000000000000000000000000100000000100101011001
1000000000100010100000001010101011000000100010000010101001000000000000100100100100000000100010000111
1000000001010000000000000000000000000001010001010000000110000101001100000010100000101000010010000001
1010010001000000000000001100010001000100010000000000000101000001000000000000000000000010000100000001
1001000000101000010000000000010101100000000001001110000000010001100110001010001110100110000110001101
1000100011000100000000000000100100010000000000100000000000000000000100110010001111001000000011000001
1000000100010100000100000000000000000000000001001100100001100101000100000001110000001000000000000111
1000000011000011010000010011000100000001000000010100100000100001010100100010000000000000000001001001
1100000000010000010010001100000101100000001000000000000100000001000111110101100101100000010000000001
1001010000000000000000001000100000110100000010000101000001100101000000110010010000100000100100011011
1000001000100000111100001110000001000000000000000000000010000000001110000000011000101100011000000001
1011000000000000101000000010000000100000000000000000100000000000000000000000000000000010100000100001
1010000100110000110100000101010000000000000100000000000001101000010000000001000000100000101000100001
1000000001000000011001000010000100000000001110000000010000110110010100000010000001100001110000110011
1000110100000000000011010110001010000000100000000010000000100000000000010010100000010001000011001001
1000000000000000010000010000000000100000100000000000110101000000000100000000000000001100000001000001
1010000000110000000001001000010111000010010010100100100000000000100000010000101000000000001000000001
1111100000100100101100010001000000110001000000010011000001000001000000000001010010100100000000100101
1000000010010000000000000100000001000010000010100100100000000010010100000010000000000100000100001001
1000000000000001000010110001000000000100000000000010000100001000011100100100011000000100001100110001
1010100100001000000100000010100000001110010000000000000100000000000001000000000001001100100000000001
1111111111111111111111111111111111111111111111111111111111111111111111111111111111111111111111111111